0
0.203
1.178
27.2542
204.69570000000002
210.5046
214.863
221.3704
227.8399
1195.7506
1252.3305
10075.937
1
0.219
0.35
0.46
1.2766999999999997
27.3466
181.024
190.76379999999997
215.124
216.8402
228.38039999999998
1548.361
2
0.495
2.388900000000002
417.2036
419.8545
438.596
442.55
453.0864
495.14999999999986
1212.2696
1270.4848
10219.773
3
0.213
0.498
0.572
0.649
0.7396000000000004
0.917
1.3003999999999996
1.6682999999999992
2.2064000000000012
37.057300000000005
3036.222
4
0.319
0.9479000000000001
4.317800000000007
127.5497
518.1878
667.168
1261.7826
1354.1904
1398.2054
1434.4156
10205.562
5
0.303
0.582
0.672
0.7546999999999998
0.896
1.054
1.3143999999999996
3.2094999999999962
25.043000000000017
210.2006
350.016
6
0.394
0.55
0.594
0.63
0.657
0.686
0.713
0.748
0.805
0.923
17.09
7
0.338
0.779
0.829
0.855
0.876
0.899
0.928
0.968
1.032
1.1571000000000005
17.197
8
0.478
13.0365
29.6228
62.5531
313.3636000000001
1183.034
4870.369199999997
10199.165999999994
49085.423200000005
51246.232
62381.978
9
2.718
5464.2587
6235.9604
7700.3142
9362.910199999998
9880.856
10641.111
45238.8947
47058.2604
48788.616200000004
60608.639