0
0.204
1.1368000000000003
27.378800000000002
205.9667
206.7632
212.3255
213.308
223.41869999999997
1204.5558
1211.7492
9550.193
1
0.194
0.3409000000000001
0.447
1.244
27.4942
181.9015
183.9144
216.77679999999998
217.6412
227.8544
8537.083
2
0.528
2.218200000000001
420.82079999999996
421.65840000000003
422.35859999999997
423.2825
445.22
489.7517
1216.8044
1226.0052
9827.046
3
0.22
0.488
0.566
0.641
0.735
0.9015
1.2873999999999997
1.662
2.159
36.37240000000062
2887.576
4
0.34
0.842
4.1516
121.8424
501.435
645.2575
1239.1838
1360.2321000000002
1364.4348
1401.9661999999998
9595.754
5
0.326
0.561
0.642
0.719
0.871
1.027
1.2593999999999996
3.137199999999997
24.10940000000002
210.4134
341.939
6
0.391
0.53
0.573
0.608
0.638
0.665
0.695
0.726
0.779
0.902
16.847
7
0.304
0.751
0.801
0.827
0.848
0.871
0.898
0.934
0.993
1.1081000000000003
17.732
