0
0.208
183.61939999999998
200.8202
212.4074
287.69759999999997
302.5815
314.6732
359.4737
374.0892
385.1603
1645.537
1
0.188
183.6198
200.8794
212.0744
287.8436
302.6725
314.57620000000003
359.55
374.475
383.8028
1308.744
2
0.175
0.308
0.342
0.378
0.41960000000000036
0.728
739.7884
762.2456
780.2444
800.0037
1792.221
3
0.168
0.309
0.344
0.381
0.423
0.7765
743.2998
761.6918999999999
783.3026
802.232
1883.244
6
0.292
0.433
0.45
0.461
0.47
0.478
0.486
0.495
0.5062000000000008
0.523
3.53
8
0.312
1.6099
12.852400000000001
23.131700000000002
38.626400000000004
145.572
153.3304
207.34859999999992
222.0186
287.78740000000005
1520.655
9
0.909
54.0749
57.086800000000004
102.597
108.47220000000002
113.459
114.1066
119.672
123.8896
1160.6293
2274.855