0
0.276
3.5749
32.004400000000004
276.10540000000003
277.3772
338.94
1196.4178
1226.0182
1264.3724
1267.1691
10056.169
1
0.28
5.117600000000002
17.761
19.524399999999993
93.0752
180.4435
181.15439999999998
215.0393
215.4152
215.88410000000002
5895.9
2
0.449
414.695
419.2308
420.5407
487.988
1211.0855
1219.2406
1222.2188999999998
1224.319
1227.4329
10263.953
3
0.288
0.544
0.646
0.7736999999999998
0.932
1.2625
1.697
2.133
8.5952
825.1745
10008.153
4
0.219
0.9268000000000002
12.14760000000002
124.7354
508.507
651.741
1256.2212
1386.3007
1389.2696
1410.0848999999998
1736.232
5
0.224
0.5849000000000001
1.8662000000000007
3.561999999999998
6.6616
9.4355
15.8264
32.150699999999986
110.7954
217.31710000000007
358.439
